534｜1｜JDX｜25,915,845,392
534｜2｜KTVS｜25,600,410,469
534｜3｜SHA｜19,333,871,288
534｜4｜n09｜17,748,201,440
534｜5｜89M｜16,050,314,306
534｜6｜4TH｜15,649,955,120
534｜7｜jOH｜11,027,328,523
534｜8｜nol｜10,383,222,834
534｜9｜MOE｜8,542,595,210
534｜10｜f4j｜6,972,895,663
534｜11｜Ryu1｜6,818,580,016
534｜12｜RGWC｜6,815,380,215
534｜13｜moca｜5,543,574,133
534｜14｜W6f｜5,186,784,739
534｜15｜Sg3｜4,913,475,766
534｜16｜Dao｜4,216,739,710
534｜17｜SHA0｜3,419,878,477
534｜18｜koi｜3,007,445,118
534｜19｜SKh｜2,469,481,041
534｜20｜Trh｜2,391,504,561
534｜21｜CROW｜2,245,126,727
534｜22｜C7w｜1,797,194,644
534｜23｜59U｜1,615,565,459
534｜24｜DAK｜1,426,840,249
534｜25｜BCO｜919,411,805
509｜1｜FHX｜30,923,691,968
509｜2｜MOn｜25,882,795,722
509｜3｜SsQ｜24,606,576,472
509｜4｜tWD｜22,989,007,734
509｜5｜BHE｜22,419,929,751
509｜6｜VEX｜21,129,451,647
509｜7｜OTT｜11,789,388,529
509｜8｜OWM｜8,594,475,429
509｜9｜AoW｜8,097,720,526
509｜10｜eXt｜7,151,989,815
509｜11｜KOCH｜4,134,898,548
509｜12｜AFS｜2,852,323,395
509｜13｜Iran｜2,457,115,792
509｜14｜CZX｜2,423,448,456
509｜15｜Fi3｜1,374,347,961
509｜16｜Lko｜1,278,782,577
509｜17｜XTq｜1,198,868,541
509｜18｜QZW｜1,152,795,052
509｜19｜RBs｜619,497,306
509｜20｜DEo｜501,864,351
509｜21｜N4M｜252,978,363
509｜22｜6SA｜248,115,063
509｜23｜FG8｜226,431,727
509｜24｜Uc5｜223,780,116
509｜25｜YKe｜213,938,742
509｜26｜F0o｜130,076,044
509｜27｜3KK｜128,663,404
503｜1｜GX99｜26,915,195,592
503｜2｜Lghs｜26,574,209,386
503｜3｜one｜21,710,386,677
503｜4｜Stj｜19,142,073,631
503｜5｜xjR｜18,344,099,891
503｜6｜fzn｜17,354,628,112
503｜7｜TIKW｜17,244,188,854
503｜8｜UMN｜14,689,333,234
503｜9｜Bye｜10,850,198,354
503｜10｜YDR｜9,732,019,171
503｜11｜299｜8,611,782,847
503｜12｜COzy｜7,897,625,618
503｜13｜GA9｜4,102,730,331
503｜14｜FarM｜3,667,575,743
503｜15｜hMt｜3,283,072,805
503｜16｜SMK4｜3,001,415,153
503｜17｜ZOO｜2,638,864,348
503｜18｜RING｜2,379,775,792
503｜19｜ASp｜2,149,906,877
503｜20｜haka｜1,802,993,601
503｜21｜pSs｜1,801,054,488
503｜22｜GLT｜1,341,650,980
503｜23｜Opi｜1,090,344,416
503｜24｜gx1｜817,146,292
503｜25｜3s3｜601,822,799
503｜26｜qbo｜498,972,784
503｜27｜exr｜474,825,190
480｜1｜BgNa｜25,957,699,076
480｜2｜WbW｜24,625,905,507
480｜3｜RCON｜24,359,657,347
480｜4｜TkTk｜22,881,081,912
480｜5｜CDf8｜19,562,123,826
480｜6｜AAOA｜14,496,270,017
480｜7｜Digg｜7,946,784,452
480｜8｜PmP｜6,746,852,941
480｜9｜MtG｜3,298,673,719
480｜10｜Mo｜2,102,776,535
480｜11｜HHu｜1,860,654,318
480｜12｜HoE｜961,319,892
480｜13｜o5w｜465,505,965
480｜14｜H69｜251,545,436
480｜15｜Btu｜128,591,639
480｜16｜9w7｜128,093,136
480｜17｜C17｜109,304,619
480｜18｜Humr｜99,865,660
480｜19｜WoNW｜95,940,874
480｜20｜a97｜90,956,787
480｜21｜9fy｜60,242,059
480｜22｜Xxe｜20,168,937
480｜23｜Rawi｜4,236,663
440｜1｜GcC｜30,252,816,868
440｜2｜BAJ｜28,989,543,480
440｜3｜GoDs｜22,491,575,829
440｜4｜TaW｜16,573,704,601
440｜5｜TrX｜14,331,410,851
440｜6｜IMp｜11,309,673,967
440｜7｜DOLU｜4,461,218,929
440｜8｜ANH2｜3,207,611,062
440｜9｜WoW3｜2,845,717,549
440｜10｜nv8｜2,807,497,741
440｜11｜aTA｜2,316,957,603
440｜12｜MN10｜1,040,915,085
440｜13｜WZ6｜608,750,266
440｜14｜Zjr｜578,599,903
440｜15｜KL6｜338,910,433
440｜16｜0sm｜284,590,332
440｜17｜BYO｜191,745,469
440｜18｜KANS｜163,524,752
440｜19｜NA8｜152,513,851
440｜20｜a4b｜133,929,998
440｜21｜MEr｜111,098,877
440｜22｜UbN｜87,262,427
440｜23｜koo｜82,181,581
440｜24｜rlh｜81,314,081
440｜25｜URZ｜80,471,794
440｜26｜gEb｜79,602,945
440｜27｜xa9｜63,962,301
511｜1｜2N7｜19,525,803,149
511｜2｜JLO｜18,591,591,866
511｜3｜SVa｜15,795,337,560
511｜4｜DaNG｜6,260,562,415
511｜5｜JL2｜4,602,144,590
511｜6｜TRh｜4,226,274,161
511｜7｜sbM｜3,043,337,681
511｜8｜SVh｜1,960,747,686
511｜9｜OOE｜1,697,057,595
511｜10｜Lj8｜582,405,121
511｜11｜OwOz｜337,520,067
511｜12｜Uu2｜207,533,221
511｜13｜IS5｜151,278,587
511｜14｜A3j｜84,889,010
511｜15｜Ssv｜48,440,255
511｜16｜1967｜45,641,832
476｜1｜476A｜32,354,706,209
476｜2｜CIX｜27,532,849,229
476｜3｜LTFs｜26,964,346,572
476｜4｜DhM｜26,422,050,883
476｜5｜476B｜25,452,570,822
476｜6｜MSX｜23,642,788,604
476｜7｜gW1｜22,549,183,284
476｜8｜Dv9｜21,839,271,528
476｜9｜CiRa｜21,479,138,194
476｜10｜ALj｜13,617,770,702
476｜11｜c7d｜5,901,479,950
476｜12｜Kfk｜3,627,440,287
476｜13｜R6q｜3,176,337,046
476｜14｜IXM｜2,547,211,498
476｜15｜476Y｜1,673,663,830
476｜16｜sRZ｜789,953,577
476｜17｜L55｜399,945,953
476｜18｜97w｜270,244,549
476｜19｜rsq｜264,947,494
476｜20｜OSx｜248,493,607
476｜21｜BPy｜205,072,730
476｜22｜bvx｜195,231,340
476｜23｜Kgp｜153,116,467
476｜24｜dw6｜148,649,391
476｜25｜3TU｜143,538,213
476｜26｜nx8｜121,913,574
476｜27｜N0n0｜115,559,834
523｜1｜WUG｜24,312,670,583
523｜2｜NBNH｜23,328,561,277
523｜3｜fIrE｜21,957,020,845
523｜4｜K4TR｜18,767,562,113
523｜5｜5DU｜18,514,545,780
523｜6｜u3o｜17,009,907,774
523｜7｜EDFS｜12,103,532,468
523｜8｜UrE｜1,957,755,454
523｜9｜IER｜1,637,560,612
523｜10｜Lw2｜1,471,996,168
523｜11｜B2FF｜775,077,611
523｜12｜WhL｜726,852,383
523｜13｜rzx｜615,340,529
523｜14｜ROCK｜497,418,943
523｜15｜DNp｜480,329,796
523｜16｜RMg｜199,644,636
523｜17｜M8j｜179,036,418
523｜18｜nsfw｜175,038,299
523｜19｜GiL｜161,815,044
523｜20｜Ns8｜123,002,613
523｜21｜NPCZ｜86,982,598
523｜22｜qa3｜68,102,523
523｜23｜LMC｜33,284,891
523｜24｜Moi｜7,853,439
523｜25｜Wsc｜5,658,783
523｜26｜TMSD｜683,961
